-0.682  0.282 -1
-1.521  1.166 +1
 0.458 -0.261 -1
-0.781  1.355 +1
 0.245  0.028 -1
 1.299  0.286 +1
 0.136 -0.070 -1
-0.486 -1.180 +1
 0.281  0.533 -1
 1.380 -1.664 +1
-0.368  0.381 -1
-0.049 -1.662 +1
-0.540  0.031 -1
-0.876 -1.213 +1
 0.480 -0.022 -1
 0.566 -1.533 +1
 0.365  0.577 -1
-1.137  0.405 +1
 0.200 -0.013 -1
 1.224  1.416 +1
-0.140  0.083 -1
 1.290 -0.751 +1
-0.122  0.008 -1
-0.731  1.263 +1
-0.430  0.154 -1
 1.858  0.062 +1
 0.018  0.011 -1
 0.182  1.475 +1
 0.304  0.271 -1
-1.310 -0.202 +1
-0.091  0.205 -1
 0.928 -1.273 +1
 0.058 -0.189 -1
-0.923  1.422 +1
-0.294  0.520 -1
-0.515 -1.577 +1
 0.418  0.135 -1
-0.868  1.172 +1
 0.199 -0.210 -1
 1.137  0.716 +1
-0.144  0.355 -1
 1.023 -1.159 +1
 0.201  0.463 -1
 0.881 -0.979 +1
 0.348  0.039 -1
 1.277 -0.709 +1
-0.461  0.184 -1
 1.658  0.089 +1
 0.580 -0.434 -1
-1.707  0.748 +1
-0.144 -0.286 -1
 0.199 -1.200 +1
 0.152  0.173 -1
-0.590 -1.394 +1
 0.337 -0.485 -1
-1.406  1.049 +1
 0.442  0.017 -1
 0.324  1.741 +1
 0.131 -0.462 -1
 1.055 -0.805 +1
-0.233  0.135 -1
-1.516  0.194 +1
 0.248 -0.219 -1
-0.503  1.524 +1
 0.245  0.220 -1
-0.983  1.162 +1
-0.165 -0.014 -1
-1.014  1.549 +1
-0.456 -1.159 -1
 1.809 -0.046 +1
-0.278  0.226 -1
-0.681 -1.466 +1
 0.040  0.704 -1
 1.021 -1.303 +1
-0.521 -0.098 -1
-1.090  0.428 +1
-0.050 -0.315 -1
-1.723  0.533 +1
-0.427  0.105 -1
-0.894  1.285 +1
-0.395 -0.444 -1
 1.158  0.805 +1
 0.020  0.432 -1
 1.781 -0.565 +1
 0.341 -0.387 -1
-0.169 -1.613 +1
 0.099 -0.611 -1
-1.367 -1.042 +1
 0.097 -0.006 -1
 0.222  1.008 +1
-0.304  0.345 -1
 1.656 -0.906 +1
 0.741 -0.459 -1
-0.467 -1.629 +1
 0.228 -0.305 -1
 1.295 -0.901 +1
-0.614  0.185 -1
-0.166 -1.296 +1
-0.148  0.130 -1
 0.557  1.458 +1
 0.039  0.057 -1
-1.477  1.310 +1
 0.470  0.356 -1
 1.273 -0.046 +1
 0.302  0.044 -1
 0.258  1.329 +1
-0.312 -0.253 -1
-1.812 -0.979 +1
-0.157  0.316 -1
 1.290  0.691 +1
-0.249 -0.782 -1
-1.225 -0.205 +1
-0.617 -0.523 -1
-0.367 -1.529 +1
-0.354 -0.456 -1
-0.335  1.166 +1
-0.164  0.161 -1
-1.397 -0.577 +1
 0.144 -0.020 -1
 1.556 -0.684 +1
-0.302 -0.733 -1
-0.965  0.831 +1
 0.160  0.060 -1
 1.268 -1.411 +1
-0.132  0.229 -1
 0.879  1.821 +1
 0.487  0.039 -1
 2.019 -0.004 +1
 0.178  0.601 -1
 1.163  0.665 +1
-0.376 -0.196 -1
-0.221  1.892 +1
-0.529  0.187 -1
 1.188 -0.337 +1
-0.653 -0.072 -1
-0.555 -1.253 +1
 0.111  0.136 -1
 0.224  1.396 +1
 0.070  0.476 -1
-0.432 -1.805 +1
 0.550 -0.332 -1
 0.668  0.993 +1
-0.697 -0.155 -1
 0.884  1.553 +1
 0.578 -0.208 -1
 1.188 -1.309 +1
 0.126 -0.129 -1
 0.221  1.083 +1
-0.637 -0.435 -1
 1.326  0.394 +1
-0.179 -0.711 -1
 1.791  0.399 +1
-0.284 -0.742 -1
-0.319  0.855 +1
 0.122 -0.464 -1
 1.286  0.148 +1
 0.247 -0.168 -1
 1.080 -0.064 +1
 0.273  0.009 -1
 1.015  0.899 +1
-0.388  0.089 -1
-1.415 -0.065 +1
 0.167  0.307 -1
 0.278 -1.419 +1
-0.639  0.163 -1
-0.048  1.411 +1
 0.035  0.035 -1
 1.218  1.175 +1
-0.273  0.410 -1
 1.008 -1.122 +1
 0.033 -0.406 -1
-1.251 -0.020 +1
 0.068  0.478 -1
 1.008  0.196 +1
-0.231  0.553 -1
 2.020 -0.265 +1
-0.597 -0.151 -1
 0.668  0.946 +1
 0.422 -0.151 -1
-1.384 -0.400 +1
 0.186  0.150 -1
 1.083  1.211 +1
-0.451  0.073 -1
-1.424 -0.419 +1
 0.044 -0.032 -1
-0.982  1.709 +1
 0.237 -0.234 -1
-1.278  0.552 +1
-0.001  0.045 -1
 1.044 -1.005 +1
-0.206  0.140 -1
 1.047  0.999 +1
 0.176  0.134 -1
-0.062  1.525 +1
 0.139  0.022 -1
 1.051 -1.242 +1
-0.323  0.381 -1
 1.203  1.078 +1
-0.190  0.502 -1
-1.549  0.267 +1
-0.766  0.528 -1
 0.863  1.011 +1
 0.204 -0.631 -1
 0.215  1.373 +1
 0.160 -0.022 -1
-0.577  1.515 +1
-0.303 -0.018 -1
 1.523  0.256 +1
 0.148  0.138 -1
 0.925 -0.989 +1
 0.001 -0.507 -1
 0.233  1.486 +1
 0.306  0.395 -1
-0.381  1.438 +1
 0.328  0.118 -1
-1.611  0.046 +1
 0.128 -0.297 -1
-0.162 -1.242 +1
-0.512 -0.111 -1
-0.266  1.565 +1
-0.165  0.671 -1
 1.229 -1.092 +1
-0.015  0.568 -1
-0.432 -1.252 +1
 0.131  0.483 -1
 1.228 -1.256 +1
-0.446  0.388 -1
 0.897 -0.625 +1
 0.214 -0.004 -1
 0.042 -1.280 +1
 0.733 -0.050 -1
 0.884  1.450 +1
 0.122 -1.272 -1
-0.324 -2.052 +1
 0.478  0.235 -1
-1.470 -0.817 +1
 0.404  0.074 -1
-0.085 -1.010 +1
-0.414  0.208 -1
-0.444 -1.492 +1
 0.305 -0.080 -1
 1.010 -0.766 +1
-0.056 -0.014 -1
-1.163  0.293 +1
 0.121  0.213 -1
 1.153 -1.476 +1
 0.325  0.160 -1
-0.959  1.389 +1
 0.169  0.447 -1
 1.840  0.099 +1
-0.058 -0.410 -1
-0.210  1.428 +1
 0.141  0.289 -1
 0.392  1.043 +1
 0.159 -0.481 -1
 1.504 -0.309 +1
 0.017  0.485 -1
 0.261 -1.637 +1
 0.050 -0.096 -1
-0.959 -0.543 +1
 0.471 -0.311 -1
-1.110 -0.723 +1
 0.298 -0.308 -1
-1.686  0.138 +1
-0.219 -0.138 -1
 1.160  0.847 +1
 0.256 -0.232 -1
-0.464  0.946 +1
 0.052  0.025 -1
 0.980 -1.236 +1
-0.568 -0.177 -1
-0.067 -1.631 +1
-0.191 -0.751 -1
 0.398 -1.684 +1
 0.074  0.394 -1
 1.237  1.330 +1
 0.576 -0.567 -1
 0.600 -1.659 +1
 0.050  0.353 -1
 1.753  0.185 +1
-0.159 -0.153 -1
-0.630  1.440 +1
-0.353 -0.421 -1
-1.010  1.494 +1
 0.044  0.357 -1
-1.375 -0.405 +1
 0.339  0.548 -1
 1.329 -0.763 +1
 0.829 -0.171 -1
 1.013  0.810 +1
 0.165 -0.568 -1
-0.519  1.348 +1
 0.147 -0.173 -1
 1.278 -0.827 +1
-0.356 -0.809 -1
 1.162  1.004 +1
-0.094 -0.522 -1
-1.463 -0.774 +1
-0.399 -0.040 -1
-0.587  1.224 +1
-0.354  0.179 -1
-1.071  0.901 +1
 0.101 -0.203 -1
-0.777 -1.537 +1
-0.284  0.297 -1
 0.167 -1.849 +1
 0.404 -0.822 -1
-1.631 -0.115 +1
-0.213 -0.390 -1
-0.022  1.280 +1
-0.430 -0.351 -1
-0.803 -1.235 +1
 0.067 -0.512 -1
 1.653 -0.464 +1
 0.120  0.446 -1
-1.030  0.774 +1
-0.072 -0.744 -1
-0.390 -1.622 +1
-0.070  0.075 -1
 1.427 -1.031 +1
 0.330  0.030 -1
 1.202  0.548 +1
 0.189  0.071 -1
-0.881 -0.931 +1
-0.232 -0.006 -1
-1.038  0.011 +1
-0.546  0.036 -1
-1.725 -0.477 +1
 0.093  0.509 -1
 0.099  1.765 +1
-0.074  0.099 -1
 0.815 -1.562 +1
 0.091  0.352 -1
 0.471 -1.515 +1
-0.027 -0.134 -1
 1.578  0.065 +1
-0.288 -0.277 -1
-0.102 -0.966 +1
-0.427  0.120 -1
-1.682 -0.704 +1
 0.450 -0.578 -1
-0.595  1.397 +1
-0.462  0.277 -1
-0.813  0.273 +1
-0.074  0.423 -1
-0.181 -1.794 +1
 0.047 -0.091 -1
 0.851 -0.595 +1
-0.103 -0.268 -1
-1.545 -0.072 +1
-0.561 -0.385 -1
-0.882 -0.889 +1
 0.447 -0.158 -1
-1.083  0.873 +1
 0.048  0.433 -1
-0.127 -1.816 +1
 0.634  0.403 -1
 1.398 -0.120 +1
 0.190 -0.175 -1
-1.614 -0.091 +1
-0.738  0.501 -1
 0.938  1.116 +1
-0.497 -0.077 -1
 1.370 -0.278 +1
 0.492  0.101 -1
 0.787  1.001 +1
 0.112  0.219 -1
-0.024 -1.032 +1
-0.162  0.056 -1
 1.128  1.163 +1
-0.827  0.218 -1
 0.528  1.695 +1
 0.061  0.449 -1
-1.674  0.326 +1
 0.307  0.177 -1
-1.100 -0.156 +1
-0.500 -0.588 -1
 0.201  1.302 +1
 0.207  0.329 -1
 0.812  0.904 +1
-0.268 -0.224 -1
 1.609  0.148 +1
-0.043  0.211 -1
-1.367 -0.179 +1
 0.155 -0.046 -1
-0.671 -1.738 +1
-0.042 -0.145 -1
-0.146  1.624 +1
 0.476 -0.088 -1
-0.121 -1.454 +1
 0.230  0.330 -1
-1.354 -0.471 +1
 0.329  0.153 -1
-1.452 -0.125 +1
 0.257  0.116 -1
-0.038  1.455 +1
-0.194  0.111 -1
 1.284  0.917 +1
 0.217  0.257 -1
 1.042 -1.124 +1